$T	$D	$O A0	$O B3	$O B1	$O B2	$O Cout	$O S3	$O S2	$O S1	$O S0	$O M	$O A3	$O A2	$O A1	$O B0
411267NS	1NS	1	0	0	1	1	1	0	0	0	1	0	0	0	0
411268NS	1NS	0	0	0	1	0	1	0	1	1	1	0	0	1	0
411269NS	1NS	0	0	0	1	0	1	1	0	1	1	0	0	1	0
411270NS	1NS	1	0	0	1	0	1	0	1	0	1	0	0	1	0
411271NS	1NS	1	0	0	1	0	1	1	0	0	1	0	0	1	0
411272NS	2NS	0	0	0	1	0	1	1	1	1	1	0	1	0	0
411274NS	1NS	1	0	0	1	0	1	0	0	0	1	0	1	0	0
411275NS	1NS	1	0	0	1	0	1	1	1	0	1	0	1	0	0
411276NS	1NS	0	0	0	1	0	0	0	0	1	1	0	1	1	0
411277NS	1NS	0	0	0	1	1	1	1	0	1	1	0	1	1	0
411278NS	1NS	1	0	0	1	0	0	0	1	0	1	0	1	1	0
411279NS	1NS	1	0	0	1	1	1	0	0	0	1	0	1	1	0
411280NS	1NS	0	0	0	1	0	0	0	1	1	1	1	0	0	0
411281NS	1NS	0	0	0	1	1	0	0	1	1	1	1	0	0	0
411282NS	1NS	1	0	0	1	1	1	1	0	0	1	1	0	0	0
411283NS	1NS	1	0	0	1	1	1	0	1	0	1	1	0	0	0
411284NS	1NS	0	0	0	1	1	0	1	0	1	1	1	0	1	0
411285NS	1NS	0	0	0	1	1	0	0	0	1	1	1	0	1	0
411286NS	1NS	1	0	0	1	1	0	1	1	0	1	1	0	1	0
411287NS	1NS	1	0	0	1	1	0	1	0	0	1	1	0	1	0
411288NS	2NS	0	0	0	1	1	0	1	1	1	1	1	1	0	0
411290NS	1NS	1	0	0	1	1	0	0	0	0	1	1	1	0	0
411291NS	1NS	1	0	0	1	1	0	1	1	0	1	1	1	0	0
411292NS	1NS	0	0	0	1	1	1	0	0	1	1	1	1	1	0
411293NS	1NS	0	0	0	1	1	0	1	0	1	1	1	1	1	0
411294NS	1NS	1	0	0	1	1	1	0	1	0	1	1	1	1	0
411295NS	1NS	1	0	0	1	1	0	0	0	0	1	1	1	1	0
411296NS	2NS	0	0	0	1	1	1	0	1	1	1	0	0	0	1
411298NS	1NS	1	0	0	1	0	0	1	0	0	1	0	0	0	1
411299NS	1NS	1	0	0	1	1	0	0	1	1	1	0	0	0	1
411300NS	1NS	0	0	0	1	1	1	1	0	0	1	0	0	1	1
411301NS	1NS	0	0	0	1	0	1	0	1	0	1	0	0	1	1
411302NS	2NS	1	0	0	1	0	1	1	1	1	1	0	0	1	1
411304NS	2NS	0	0	0	1	0	1	1	0	0	1	0	1	0	1
411306NS	1NS	1	0	0	1	0	1	0	0	1	1	0	1	0	1
411307NS	1NS	1	0	0	1	0	1	1	0	1	1	0	1	0	1
411308NS	1NS	0	0	0	1	0	0	0	1	0	1	0	1	1	1
411309NS	1NS	0	0	0	1	1	1	0	1	0	1	0	1	1	1
411310NS	1NS	1	0	0	1	0	0	1	1	1	1	0	1	1	1
411311NS	1NS	1	0	0	1	1	0	0	1	1	1	0	1	1	1
411312NS	1NS	0	0	0	1	1	1	0	0	0	1	1	0	0	1
411313NS	1NS	0	0	0	1	0	0	0	0	0	1	1	0	0	1
411314NS	1NS	1	0	0	1	1	1	1	0	1	1	1	0	0	1
411315NS	1NS	1	0	0	1	1	1	0	0	1	1	1	0	0	1
411316NS	2NS	0	0	0	1	1	0	1	1	0	1	1	0	1	1
411318NS	1NS	1	0	0	1	1	0	0	1	1	1	1	0	1	1
411319NS	1NS	1	0	0	1	1	0	1	1	1	1	1	0	1	1
411320NS	2NS	0	0	0	1	1	0	1	0	0	1	1	1	0	1
411322NS	1NS	1	0	0	1	1	0	0	0	1	1	1	1	0	1
411323NS	1NS	1	0	0	1	1	0	1	0	1	1	1	1	0	1
411324NS	1NS	0	0	0	1	1	1	0	1	0	1	1	1	1	1
411325NS	1NS	0	0	0	1	1	0	0	1	0	1	1	1	1	1
411326NS	1NS	1	0	0	1	1	1	1	1	1	1	1	1	1	1
411327NS	1NS	1	0	0	1	1	1	0	1	1	1	1	1	1	1
411328NS	1NS	0	0	1	1	1	0	0	0	0	1	0	0	0	0
411329NS	1NS	0	0	1	1	1	1	0	0	0	1	0	0	0	0
411330NS	1NS	1	0	1	1	0	0	1	0	1	1	0	0	0	0
411331NS	1NS	1	0	1	1	1	0	0	1	0	1	0	0	0	0
411332NS	1NS	0	0	1	1	1	1	1	0	1	1	0	0	1	0
411333NS	1NS	0	0	1	1	0	1	0	1	1	1	0	0	1	0
411334NS	1NS	1	0	1	1	0	1	0	0	0	1	0	0	1	0
411335NS	1NS	1	0	1	1	0	1	0	1	0	1	0	0	1	0
411336NS	1NS	0	0	1	1	0	1	1	0	1	1	0	1	0	0
411337NS	1NS	0	0	1	1	0	1	0	0	1	1	0	1	0	0
411338NS	1NS	1	0	1	1	0	1	0	1	0	1	0	1	0	0
411339NS	1NS	1	0	1	1	0	1	0	0	0	1	0	1	0	0
411340NS	1NS	0	0	1	1	0	0	1	1	1	1	0	1	1	0
411341NS	1NS	0	0	1	1	1	0	1	1	1	1	0	1	1	0
411342NS	1NS	1	0	1	1	1	1	1	0	0	1	0	1	1	0
411343NS	1NS	1	0	1	1	0	1	1	1	0	1	0	1	1	0
411344NS	1NS	0	0	1	1	0	1	0	0	1	1	1	0	0	0
411345NS	1NS	0	0	1	1	0	1	1	0	1	1	1	0	0	0
411346NS	1NS	1	0	1	1	1	1	1	1	0	1	1	0	0	0
411347NS	1NS	1	0	1	1	1	0	1	0	0	1	1	0	0	0
411348NS	2NS	0	0	1	1	1	0	0	1	1	1	1	0	1	0
411350NS	1NS	1	0	1	1	1	0	0	0	0	1	1	0	1	0
411351NS	1NS	1	0	1	1	1	0	0	1	0	1	1	0	1	0
411352NS	1NS	0	0	1	1	1	0	1	0	1	1	1	1	0	0
411353NS	1NS	0	0	1	1	1	0	0	0	1	1	1	1	0	0
411354NS	1NS	1	0	1	1	1	0	0	1	0	1	1	1	0	0
411355NS	1NS	1	0	1	1	1	0	0	0	0	1	1	1	0	0
411356NS	2NS	0	0	1	1	1	1	1	1	1	1	1	1	1	0
411358NS	1NS	1	0	1	1	1	0	1	0	0	1	1	1	1	0
411359NS	1NS	1	0	1	1	1	0	1	1	0	1	1	1	1	0
411360NS	1NS	0	0	1	1	1	0	0	0	1	1	0	0	0	1
411361NS	1NS	0	0	1	1	1	0	1	0	1	1	0	0	0	1
411362NS	1NS	1	0	1	1	0	0	1	1	0	1	0	0	0	1
411363NS	1NS	1	0	1	1	1	1	1	0	1	1	0	0	0	1
411364NS	1NS	0	0	1	1	0	1	0	1	0	1	0	0	1	1
411365NS	1NS	0	0	1	1	0	1	0	0	0	1	0	0	1	1
411366NS	2NS	1	0	1	1	0	1	0	0	1	1	0	0	1	1
411368NS	2NS	0	0	1	1	0	1	1	1	0	1	0	1	0	1
411370NS	2NS	1	0	1	1	0	1	1	1	1	1	0	1	0	1
411372NS	2NS	0	0	1	1	0	1	1	0	0	1	0	1	1	1
411374NS	2NS	1	0	1	1	0	1	1	0	1	1	0	1	1	1
411376NS	2NS	0	0	1	1	0	1	0	1	0	1	1	0	0	1
411378NS	2NS	1	0	1	1	1	1	0	1	1	1	1	0	0	1
411380NS	2NS	0	0	1	1	1	0	0	0	0	1	1	0	1	1
411382NS	2NS	1	0	1	1	1	0	0	0	1	1	1	0	1	1
411384NS	2NS	0	0	1	1	1	0	1	1	0	1	1	1	0	1
411386NS	2NS	1	0	1	1	1	0	1	1	1	1	1	1	0	1
411388NS	2NS	0	0	1	1	1	0	1	0	0	1	1	1	1	1
411390NS	2NS	1	0	1	1	1	0	1	0	1	1	1	1	1	1
411392NS	2NS	0	1	0	0	1	0	0	1	0	1	0	0	0	0
411394NS	1NS	1	1	0	0	0	0	0	1	1	1	0	0	0	0
411395NS	1NS	1	1	0	0	1	1	1	0	0	1	0	0	0	0
411396NS	1NS	0	1	0	0	0	0	1	1	1	1	0	0	1	0
411397NS	1NS	0	1	0	0	0	0	0	0	1	1	0	0	1	0
411398NS	1NS	1	1	0	0	0	0	1	1	0	1	0	0	1	0
411399NS	1NS	1	1	0	0	0	1	0	0	0	1	0	0	1	0
411400NS	1NS	0	1	0	0	0	0	0	1	1	1	0	1	0	0
411401NS	1NS	0	1	0	0	0	1	0	1	1	1	0	1	0	0
411402NS	1NS	1	1	0	0	0	1	1	0	0	1	0	1	0	0
411403NS	1NS	1	1	0	0	0	1	0	1	0	1	0	1	0	0
411404NS	1NS	0	1	0	0	0	1	1	0	1	1	0	1	1	0
411405NS	1NS	0	1	0	0	0	1	0	0	1	1	0	1	1	0
411406NS	1NS	1	1	0	0	0	1	1	1	0	1	0	1	1	0
411407NS	1NS	1	1	0	0	0	1	1	0	0	1	0	1	1	0
411408NS	2NS	0	1	0	0	0	1	1	1	1	1	1	0	0	0
411410NS	1NS	1	1	0	0	0	0	0	0	0	1	1	0	0	0
411411NS	1NS	1	1	0	0	1	1	1	1	0	1	1	0	0	0
411412NS	1NS	0	1	0	0	0	0	0	0	1	1	1	0	1	0
411413NS	1NS	0	1	0	0	1	1	1	0	1	1	1	0	1	0
411414NS	1NS	1	1	0	0	0	0	0	1	0	1	1	0	1	0
411415NS	1NS	1	1	0	0	1	1	0	0	0	1	1	0	1	0
411416NS	1NS	0	1	0	0	0	0	0	1	1	1	1	1	0	0
411417NS	1NS	0	1	0	0	1	0	0	1	1	1	1	1	0	0
411418NS	1NS	1	1	0	0	1	0	1	0	0	1	1	1	0	0
411419NS	1NS	1	1	0	0	1	0	0	1	0	1	1	1	0	0
411420NS	1NS	0	1	0	0	1	0	1	0	1	1	1	1	1	0
411421NS	1NS	0	1	0	0	1	0	0	0	1	1	1	1	1	0
411422NS	1NS	1	1	0	0	1	0	1	1	0	1	1	1	1	0
411423NS	1NS	1	1	0	0	1	0	1	0	0	1	1	1	1	0
411424NS	2NS	0	1	0	0	1	0	1	1	1	1	0	0	0	1
411426NS	1NS	1	1	0	0	1	1	0	0	0	1	0	0	0	1
411427NS	1NS	1	1	0	0	0	0	1	1	1	1	0	0	0	1
411428NS	1NS	0	1	0	0	0	1	0	0	0	1	0	0	1	1
411429NS	1NS	0	1	0	0	0	0	1	1	0	1	0	0	1	1
411430NS	1NS	1	1	0	0	0	1	0	1	1	1	0	0	1	1
411431NS	1NS	1	1	0	0	0	0	0	1	1	1	0	0	1	1
411432NS	2NS	0	1	0	0	0	1	0	0	0	1	0	1	0	1
411434NS	1NS	1	1	0	0	0	1	1	0	1	1	0	1	0	1
411435NS	1NS	1	1	0	0	0	1	0	0	1	1	0	1	0	1
411436NS	2NS	0	1	0	0	0	1	1	1	0	1	0	1	1	1
411438NS	1NS	1	1	0	0	0	1	0	1	1	1	0	1	1	1
411439NS	1NS	1	1	0	0	0	1	1	1	1	1	0	1	1	1
411440NS	2NS	0	1	0	0	0	1	1	0	0	1	1	0	0	1
411442NS	1NS	1	1	0	0	0	0	0	0	1	1	1	0	0	1
411443NS	1NS	1	1	0	0	1	1	1	0	1	1	1	0	0	1
411444NS	1NS	0	1	0	0	0	0	0	1	0	1	1	0	1	1
411445NS	1NS	0	1	0	0	1	1	0	1	0	1	1	0	1	1
411446NS	1NS	1	1	0	0	0	0	1	1	1	1	1	0	1	1
411447NS	1NS	1	1	0	0	1	0	0	1	1	1	1	0	1	1
411448NS	1NS	0	1	0	0	1	1	0	0	0	1	1	1	0	1
411449NS	1NS	0	1	0	0	0	0	0	0	0	1	1	1	0	1
411450NS	1NS	1	1	0	0	1	0	1	0	1	1	1	1	0	1
411451NS	1NS	1	1	0	0	1	0	0	0	1	1	1	1	0	1
411452NS	2NS	0	1	0	0	1	0	1	1	0	1	1	1	1	1
411454NS	1NS	1	1	0	0	1	0	0	1	1	1	1	1	1	1
411455NS	1NS	1	1	0	0	1	0	1	1	1	1	1	1	1	1
411456NS	2NS	0	1	1	0	1	0	1	0	0	1	0	0	0	0
411458NS	1NS	1	1	1	0	1	1	0	0	1	1	0	0	0	0
411459NS	1NS	1	1	1	0	0	0	1	1	0	1	0	0	0	0
411460NS	1NS	0	1	1	0	0	1	0	0	1	1	0	0	1	0
411461NS	1NS	0	1	1	0	0	0	1	1	1	1	0	0	1	0
411462NS	1NS	1	1	1	0	0	1	1	0	0	1	0	0	1	0
411463NS	1NS	1	1	1	0	0	0	1	1	0	1	0	0	1	0
411464NS	1NS	0	1	1	0	0	0	0	0	1	1	0	1	0	0
411465NS	1NS	0	1	1	0	0	0	1	0	1	1	0	1	0	0
411466NS	1NS	1	1	1	0	0	1	1	1	0	1	0	1	0	0
411467NS	1NS	1	1	1	0	0	1	1	0	0	1	0	1	0	0
411468NS	2NS	0	1	1	0	0	1	0	1	1	1	0	1	1	0
411470NS	1NS	1	1	1	0	0	1	0	0	0	1	0	1	1	0
411471NS	1NS	1	1	1	0	0	1	0	1	0	1	0	1	1	0
411472NS	1NS	0	1	1	0	0	1	1	0	1	1	1	0	0	0
411473NS	1NS	0	1	1	0	0	1	0	0	1	1	1	0	0	0
411474NS	1NS	1	1	1	0	0	0	0	1	0	1	1	0	0	0
411475NS	1NS	1	1	1	0	1	1	0	0	0	1	1	0	0	0
411476NS	1NS	0	1	1	0	0	0	1	1	1	1	1	0	1	0
411477NS	1NS	0	1	1	0	1	0	1	1	1	1	1	0	1	0
411478NS	1NS	1	1	1	0	1	1	1	0	0	1	1	0	1	0
411479NS	1NS	1	1	1	0	0	1	1	1	0	1	1	0	1	0
411480NS	1NS	0	1	1	0	0	1	0	0	1	1	1	1	0	0
411481NS	1NS	0	1	1	0	0	1	1	0	1	1	1	1	0	0
411482NS	1NS	1	1	1	0	0	0	1	1	0	1	1	1	0	0
411483NS	1NS	1	1	1	0	1	0	1	0	0	1	1	1	0	0
411484NS	2NS	0	1	1	0	1	0	0	1	1	1	1	1	1	0
411486NS	1NS	1	1	1	0	1	0	0	0	0	1	1	1	1	0
411487NS	1NS	1	1	1	0	1	0	0	1	0	1	1	1	1	0
411488NS	1NS	0	1	1	0	1	0	1	0	1	1	0	0	0	1
411489NS	1NS	0	1	1	0	1	0	0	0	1	1	0	0	0	1
411490NS	1NS	1	1	1	0	1	1	0	1	0	1	0	0	0	1
411491NS	1NS	1	1	1	0	0	0	0	0	1	1	0	0	0	1
411492NS	1NS	0	1	1	0	0	1	1	1	0	1	0	0	1	1
411493NS	1NS	0	1	1	0	0	1	1	0	0	1	0	0	1	1
411494NS	2NS	1	1	1	0	0	0	1	0	1	1	0	0	1	1
411496NS	2NS	0	1	1	0	0	0	0	1	0	1	0	1	0	1
411498NS	2NS	1	1	1	0	0	1	0	1	1	1	0	1	0	1
411500NS	2NS	0	1	1	0	0	1	0	0	0	1	0	1	1	1
411502NS	2NS	1	1	1	0	0	1	0	0	1	1	0	1	1	1
411504NS	2NS	0	1	1	0	0	1	1	1	0	1	1	0	0	1
411506NS	1NS	1	1	1	0	0	0	1	1	1	1	1	0	0	1
411507NS	1NS	1	1	1	0	1	1	1	1	1	1	1	0	0	1
411508NS	2NS	0	1	1	0	0	1	1	0	0	1	1	0	1	1
411510NS	2NS	1	1	1	0	0	1	1	0	1	1	1	0	1	1
411512NS	2NS	0	1	1	0	0	1	0	1	0	1	1	1	0	1
411514NS	1NS	1	1	1	0	0	0	0	1	1	1	1	1	0	1
411515NS	1NS	1	1	1	0	1	0	0	1	1	1	1	1	0	1
411516NS	2NS	0	1	1	0	1	0	0	0	0	1	1	1	1	1
411518NS	2NS	1	1	1	0	1	0	0	0	1	1	1	1	1	1
411520NS	2NS	0	1	0	1	1	0	1	1	0	1	0	0	0	0
411522NS	1NS	1	1	0	1	1	1	1	1	1	1	0	0	0	0
411523NS	1NS	1	1	0	1	0	0	0	0	0	1	0	0	0	0
411524NS	1NS	0	1	0	1	0	0	0	1	1	1	0	0	1	0
411525NS	1NS	0	1	0	1	0	0	1	0	1	1	0	0	1	0
411526NS	1NS	1	1	0	1	0	0	0	1	0	1	0	0	1	0
411527NS	1NS	1	1	0	1	0	0	1	0	0	1	0	0	1	0
411528NS	2NS	0	1	0	1	0	0	1	1	1	1	0	1	0	0
411530NS	1NS	1	1	0	1	0	0	0	0	0	1	0	1	0	0
411531NS	1NS	1	1	0	1	0	0	1	1	0	1	0	1	0	0
411532NS	1NS	0	1	0	1	0	1	0	0	1	1	0	1	1	0
411533NS	1NS	0	1	0	1	0	0	1	0	1	1	0	1	1	0
411534NS	1NS	1	1	0	1	0	1	0	1	0	1	0	1	1	0
411535NS	1NS	1	1	0	1	0	0	0	0	0	1	0	1	1	0
411536NS	2NS	0	1	0	1	0	1	0	1	1	1	1	0	0	0
411538NS	1NS	1	1	0	1	0	0	1	0	0	1	1	0	0	0
411539NS	1NS	1	1	0	1	1	0	0	1	0	1	1	0	0	0
411540NS	1NS	0	1	0	1	1	1	1	0	1	1	1	0	1	0
411541NS	1NS	0	1	0	1	0	1	0	0	1	1	1	0	1	0
411542NS	1NS	1	1	0	1	0	1	1	1	0	1	1	0	1	0
411543NS	1NS	1	1	0	1	0	1	1	0	0	1	1	0	1	0
411544NS	2NS	0	1	0	1	0	1	1	1	1	1	1	1	0	0
411546NS	1NS	1	1	0	1	0	1	0	0	0	1	1	1	0	0
411547NS	1NS	1	1	0	1	0	1	1	1	0	1	1	1	0	0
411548NS	1NS	0	1	0	1	0	0	0	0	1	1	1	1	1	0
411549NS	1NS	0	1	0	1	1	1	1	0	1	1	1	1	1	0
411550NS	1NS	1	1	0	1	0	0	0	1	0	1	1	1	1	0
411551NS	1NS	1	1	0	1	1	1	0	0	0	1	1	1	1	0
411552NS	1NS	0	1	0	1	0	0	0	1	1	1	0	0	0	1
411553NS	1NS	0	1	0	1	1	0	0	1	1	1	0	0	0	1
411554NS	1NS	1	1	0	1	1	1	1	0	0	1	0	0	0	1
411555NS	1NS	1	1	0	1	0	1	0	1	1	1	0	0	0	1
411556NS	1NS	0	1	0	1	0	0	1	0	0	1	0	0	1	1
411557NS	1NS	0	1	0	1	0	0	0	1	0	1	0	0	1	1
411558NS	2NS	1	1	0	1	0	0	1	1	1	1	0	0	1	1
411560NS	2NS	0	1	0	1	0	0	1	0	0	1	0	1	0	1
411562NS	1NS	1	1	0	1	0	0	0	0	1	1	0	1	0	1
411563NS	1NS	1	1	0	1	0	0	1	0	1	1	0	1	0	1
411564NS	1NS	0	1	0	1	0	1	0	1	0	1	0	1	1	1
411565NS	1NS	0	1	0	1	0	0	0	1	0	1	0	1	1	1
411566NS	1NS	1	1	0	1	0	1	1	1	1	1	0	1	1	1
411567NS	1NS	1	1	0	1	0	1	0	1	1	1	0	1	1	1
411568NS	1NS	0	1	0	1	0	0	0	0	0	1	1	0	0	1
411569NS	1NS	0	1	0	1	0	1	0	0	0	1	1	0	0	1
411570NS	1NS	1	1	0	1	0	0	1	0	1	1	1	0	0	1
411571NS	1NS	1	1	0	1	1	0	0	0	1	1	1	0	0	1
411572NS	1NS	0	1	0	1	1	1	1	1	0	1	1	0	1	1
411573NS	1NS	0	1	0	1	0	1	1	1	0	1	1	0	1	1
411574NS	1NS	1	1	0	1	0	1	0	1	1	1	1	0	1	1
411575NS	1NS	1	1	0	1	0	1	1	1	1	1	1	0	1	1
411576NS	2NS	0	1	0	1	0	1	1	0	0	1	1	1	0	1
411578NS	1NS	1	1	0	1	0	1	0	0	1	1	1	1	0	1
411579NS	1NS	1	1	0	1	0	1	1	0	1	1	1	1	0	1
411580NS	1NS	0	1	0	1	0	0	0	1	0	1	1	1	1	1
411581NS	1NS	0	1	0	1	1	1	0	1	0	1	1	1	1	1
411582NS	1NS	1	1	0	1	0	0	1	1	1	1	1	1	1	1
411583NS	1NS	1	1	0	1	1	0	0	1	1	1	1	1	1	1
411584NS	1NS	0	1	1	1	1	1	0	0	0	1	0	0	0	0
411585NS	1NS	0	1	1	1	0	0	0	0	0	1	0	0	0	0
411586NS	1NS	1	1	1	1	1	1	1	0	1	1	0	0	0	0
411587NS	1NS	1	1	1	1	0	1	0	1	0	1	0	0	0	0
411588NS	1NS	0	1	1	1	0	0	1	0	1	1	0	0	1	0
411589NS	1NS	0	1	1	1	0	0	0	1	1	1	0	0	1	0
411590NS	1NS	1	1	1	1	0	0	0	0	0	1	0	0	1	0
411591NS	1NS	1	1	1	1	0	0	0	1	0	1	0	0	1	0
411592NS	1NS	0	1	1	1	0	0	1	0	1	1	0	1	0	0
411593NS	1NS	0	1	1	1	0	0	0	0	1	1	0	1	0	0
411594NS	1NS	1	1	1	1	0	0	0	1	0	1	0	1	0	0
411595NS	1NS	1	1	1	1	0	0	0	0	0	1	0	1	0	0
411596NS	2NS	0	1	1	1	0	1	1	1	1	1	0	1	1	0
411598NS	1NS	1	1	1	1	0	0	1	0	0	1	0	1	1	0
411599NS	1NS	1	1	1	1	0	0	1	1	0	1	0	1	1	0
411600NS	1NS	0	1	1	1	0	0	0	0	1	1	1	0	0	0
411601NS	1NS	0	1	1	1	0	0	1	0	1	1	1	0	0	0
411602NS	1NS	1	1	1	1	0	0	1	1	0	1	1	0	0	0
411603NS	1NS	1	1	1	1	1	1	1	0	0	1	1	0	0	0
411604NS	2NS	0	1	1	1	0	1	0	1	1	1	1	0	1	0
411606NS	1NS	1	1	1	1	0	1	0	0	0	1	1	0	1	0
411607NS	1NS	1	1	1	1	0	1	0	1	0	1	1	0	1	0
411608NS	1NS	0	1	1	1	0	1	1	0	1	1	1	1	0	0
411609NS	1NS	0	1	1	1	0	1	0	0	1	1	1	1	0	0
411610NS	1NS	1	1	1	1	0	1	0	1	0	1	1	1	0	0
411611NS	1NS	1	1	1	1	0	1	0	0	0	1	1	1	0	0
411612NS	1NS	0	1	1	1	0	0	1	1	1	1	1	1	1	0
411613NS	1NS	0	1	1	1	1	0	1	1	1	1	1	1	1	0
411614NS	1NS	1	1	1	1	1	1	1	0	0	1	1	1	1	0
411615NS	1NS	1	1	1	1	0	1	1	1	0	1	1	1	1	0
411616NS	1NS	0	1	1	1	0	1	0	0	1	1	0	0	0	1
411617NS	1NS	0	1	1	1	0	1	1	0	1	1	0	0	0	1
411618NS	1NS	1	1	1	1	0	1	1	1	0	1	0	0	0	1
411619NS	1NS	1	1	1	1	0	0	1	0	1	1	0	0	0	1
411620NS	0	0	1	1	1	0	0	0	1	0	1	0	0	1	1
